0.46242350339889526 , 0.5843161344528198
0.6787148714065552 , 0.06787055730819702
0.636446475982666 , 0.1232796162366867
0.5488896369934082 , 0.05685551464557648
0.7854093313217163 , 0.19130560755729675
0.8617532253265381 , 0.391724169254303
0.8548046350479126 , 0.5385068655014038
0.7133138179779053 , 0.4385771155357361
0.6419291496276855 , 0.5820063352584839
0.6649851202964783 , 0.6056253910064697
0.6933069825172424 , 0.5751266479492188
0.7523571252822876 , 0.5757880806922913
0.6337587833404541 , 0.6724749803543091
0.6720137000083923 , 0.7302836775779724
0.5826543569564819 , 0.4983568787574768
0.6857934594154358 , 0.5882065892219543
0.5799878239631653 , 0.6244103908538818
0.3966961205005646 , 0.45918458700180054
0.6093088984489441 , 0.33560484647750854
0.15735341608524323 , 0.1390760838985443
0.4406842589378357 , 0.6013728380203247
0.6020971536636353 , 0.7195917963981628
0.3488720953464508 , 0.4928605556488037
1.4342809915542603 , 0.2421158254146576
0.9145201444625854 , 0.2462330311536789
0.5717411637306213 , 0.36372077465057373
0.7529171705245972 , 0.1461949199438095
0.20306643843650818 , 0.007609334774315357
0.10247305035591125 , 0.010369788855314255
0.3824327886104584 , 0.030788136646151543
0.10784600675106049 , 0.04257147014141083
0.14496387541294098 , 0.008427109569311142
0.4257228374481201 , 0.04075424373149872
0.10447763651609421 , 0.007794037461280823
0.08121044933795929 , 0.05177295207977295
0.28359317779541016 , 0.24251961708068848
0.05053994804620743 , 0.04266121983528137
0.12433095276355743 , 0.0053259520791471004
0.05832850933074951 , 0.00640333304181695
0.30171847343444824 , 0.0009094993583858013
0.3661355972290039 , 0.05233854800462723
0.1940019577741623 , 0.00834741536527872
0.11264348030090332 , 0.04148394986987114
0.08341086655855179 , 0.012197568081319332
0.41540002822875977 , 0.022272290661931038
0.2885780930519104 , 0.015762247145175934
0.4395847022533417 , 0.030832640826702118
0.2943418622016907 , 0.02300267294049263
0.2674771547317505 , 0.018912751227617264
0.6576383709907532 , 0.08376156538724899
0.5648027658462524 , 0.14893673360347748
0.11209960281848907 , 0.045715853571891785
0.7186791896820068 , 0.4765157103538513
0.3174002170562744 , 0.6068527698516846
0.6399630904197693 , 0.5967479944229126
0.4867244064807892 , 0.47526854276657104
0.7181638479232788 , 0.5741801261901855
0.713874101638794 , 0.6541578769683838
0.11481482535600662 , 1.1390554904937744
0.5912405848503113 , 0.3810425400733948
0.6954241991043091 , 0.6348677277565002
0.650394082069397 , 0.7400438785552979
0.68020099401474 , 0.8354494571685791
0.35980427265167236 , 1.0005884170532227
0.492595911026001 , 0.7300456166267395
0.6133228540420532 , 0.9951670169830322
0.5289499759674072 , 0.6078124046325684
0.4636041820049286 , 1.0206303596496582
0.4305415749549866 , 0.7390527725219727
0.603150486946106 , 1.128489375114441
0.47050175070762634 , 0.9014897346496582
0.4332209825515747 , 1.0233004093170166
0.4850701093673706 , 1.0366939306259155
0.6003183126449585 , 0.8351943492889404
0.3805777132511139 , 1.1358217000961304
0.6879253387451172 , 0.7599173784255981
0.7233338952064514 , 0.5140817165374756
0.4671805500984192 , 1.3077456951141357
0.5337849855422974 , 1.1218945980072021
0.5337092876434326 , 0.9272831082344055
0.4233483076095581 , 0.8843690156936646
0.6098659038543701 , 0.7053862810134888
0.8827698230743408 , 0.6009789705276489
0.5379005670547485 , 0.8664343357086182
0.7175276279449463 , 1.4630297422409058
0.6825503706932068 , 1.0496056079864502
0.7350900173187256 , 1.1026968955993652
0.6108502149581909 , 1.1828875541687012
0.4480205774307251 , 1.2190308570861816
0.41390663385391235 , 0.8272225856781006
0.5502803325653076 , 0.7781319618225098
0.9214646816253662 , 1.0942862033843994
0.7942532300949097 , 0.881731390953064
0.72547447681427 , 0.8497260808944702
0.52666836977005 , 0.7824465036392212
0.32433557510375977 , 0.9455097913742065
0.5296399593353271 , 1.1581692695617676
0.5692628622055054 , 0.9083327054977417
0.33016473054885864 , 1.0478196144104004
0.5931687951087952 , 1.0731629133224487
0.4131360352039337 , 1.0712467432022095
0.8193299770355225 , 1.0876412391662598
0.6134923696517944 , 0.9620254039764404
0.46620678901672363 , 1.238788366317749
0.4115525782108307 , 1.1456804275512695
0.688065767288208 , 1.0147483348846436
0.4147990047931671 , 1.1347768306732178
0.353137731552124 , 0.943106472492218
0.6147943735122681 , 1.2898766994476318
0.16903817653656006 , 0.9049748182296753
0.6798027753829956 , 0.9101775884628296
0.808822751045227 , 1.1798107624053955
0.3814079761505127 , 1.055213212966919
0.7142913937568665 , 1.1522413492202759
0.5580831170082092 , 1.377648115158081
0.7140021324157715 , 0.801296591758728
0.6425946354866028 , 1.0908066034317017
0.30461615324020386 , 0.9200575351715088
0.24441909790039062 , 1.3092012405395508
0.3598288297653198 , 0.9120714664459229
0.7055988907814026 , 1.1812925338745117
0.44255757331848145 , 1.0189650058746338
0.5171743631362915 , 1.008740782737732
0.48223644495010376 , 1.7179864645004272
0.35769784450531006 , 0.6675061583518982
0.5658690333366394 , 0.8835279941558838
0.4535103440284729 , 1.1501550674438477
0.4528648853302002 , 1.0269179344177246
0.39236778020858765 , 0.8113424777984619
0.9423748850822449 , 0.9335079193115234
0.4909784197807312 , 1.1345630884170532
0.6126705408096313 , 0.9347124695777893
0.426362007856369 , 1.452804684638977
0.6776601076126099 , 1.0134748220443726
0.6835665106773376 , 1.6475410461425781
0.5857443809509277 , 0.983323335647583
0.37820664048194885 , 0.7416485548019409
0.45884889364242554 , 1.049312949180603
0.2169371396303177 , 1.525510311126709
0.3663221001625061 , 1.0595626831054688
0.5657429099082947 , 1.4455015659332275
0.8049755096435547 , 1.286851406097412
0.6714180707931519 , 0.9705920219421387
0.6504061818122864 , 1.281189203262329
0.3642440438270569 , 0.6984084844589233
0.5256232619285583 , 1.3403704166412354
0.30522236227989197 , 1.5394210815429688
0.3137991726398468 , 1.0790033340454102
0.3618415296077728 , 1.3152769804000854
0.3121145963668823 , 1.501945972442627
0.6191134452819824 , 1.3237624168395996
0.09698668122291565 , 1.0027449131011963
0.5368988513946533 , 0.9610573053359985
0.28492221236228943 , 0.7217912077903748
0.33376821875572205 , 0.7729288339614868
1.1955405473709106 , 1.005313754081726
0.43660658597946167 , 1.3405169248580933
0.35391539335250854 , 0.8640710115432739
0.82338547706604 , 1.0228462219238281
0.22450700402259827 , 1.1731138229370117
0.7043806910514832 , 1.1747467517852783
0.7979318499565125 , 1.284139633178711
0.5131242871284485 , 1.637730598449707
0.9326524138450623 , 1.2928451299667358
0.47598010301589966 , 0.8196961879730225
0.672306478023529 , 1.4876117706298828
0.49117255210876465 , 1.3247437477111816
0.7191567420959473 , 1.0572477579116821
0.4010244905948639 , 1.141615867614746
0.5883824825286865 , 1.2610235214233398
0.9734705686569214 , 0.9885299205780029
0.35599780082702637 , 0.944918155670166
0.536792516708374 , 1.3662550449371338
0.5209980607032776 , 1.1985375881195068
0.6235735416412354 , 1.2907905578613281
0.3894966244697571 , 0.8718229532241821
0.24427147209644318 , 1.0162204504013062
0.5709608197212219 , 1.713024377822876
0.4059044420719147 , 1.983852744102478
0.5475855469703674 , 1.3159210681915283
0.3239145874977112 , 1.2442100048065186
0.8852439522743225 , 1.2902843952178955
0.765128493309021 , 1.2537062168121338
1.0191941261291504 , 1.7755415439605713
0.314896821975708 , 1.2243874073028564
0.26103675365448 , 0.8063513040542603
0.5365008115768433 , 1.3139064311981201
0.4156871736049652 , 0.9761883020401001
0.9505988359451294 , 1.0779333114624023
0.5571426153182983 , 1.0257568359375
0.37097182869911194 , 1.3495010137557983
0.4386587142944336 , 1.188079595565796
0.43102186918258667 , 0.9591333270072937
0.55107182264328 , 1.191840648651123
0.4881792962551117 , 0.6073778867721558
0.34103530645370483 , 1.435934066772461
0.5899705290794373 , 0.7819896936416626
0.4497302770614624 , 1.5346853733062744
0.5178097486495972 , 1.5654605627059937
0.9802974462509155 , 0.9491234421730042
0.6694689393043518 , 1.2389178276062012
0.6025447249412537 , 1.393959403038025
0.9783562421798706 , 1.4241924285888672
0.4732447564601898 , 1.2965734004974365
0.9351506233215332 , 1.3664205074310303
0.3778992295265198 , 1.0645246505737305
0.26871955394744873 , 1.2181477546691895
1.0856022834777832 , 1.5614439249038696
0.5126669406890869 , 0.8505525588989258
0.7076597213745117 , 1.049175500869751
0.6602758169174194 , 1.1531131267547607
0.5312294363975525 , 1.685425877571106
0.31027817726135254 , 1.185899257659912
0.8289241790771484 , 0.8084082007408142
0.27452388405799866 , 1.5306289196014404
0.8459171056747437 , 0.6991447806358337
0.34660637378692627 , 0.7954996824264526
0.5890964865684509 , 1.0528783798217773
0.6600192189216614 , 1.0987298488616943
0.4876103401184082 , 1.639777660369873
0.4641478955745697 , 1.3137561082839966
0.37438565492630005 , 1.456331729888916
0.3317510187625885 , 1.0604833364486694
0.9211543202400208 , 1.0643134117126465
0.2998815178871155 , 1.666369915008545
0.5485270023345947 , 1.4999728202819824
1.1889132261276245 , 0.48319172859191895
0.6438210010528564 , 1.3730605840682983
0.2471744567155838 , 0.9312856197357178
0.3875400424003601 , 1.1374528408050537
0.8683357238769531 , 1.3356859683990479
0.33397167921066284 , 2.6040163040161133
0.06305735558271408 , 0.7999719977378845
0.13960641622543335 , 0.5064699649810791
1.009540319442749 , 1.1423858404159546
0.19719207286834717 , 1.178955316543579
0.5623181462287903 , 1.485595941543579
0.7278265953063965 , 1.0428065061569214
0.4789247512817383 , 1.3132396936416626
0.9722490310668945 , 1.1073249578475952
0.4909360408782959 , 1.2928730249404907
0.4391096830368042 , 1.3644102811813354
0.37812161445617676 , 0.9776525497436523
0.48197218775749207 , 1.5260249376296997
0.6053532361984253 , 0.8600479364395142
0.2574703097343445 , 1.3303923606872559
0.3987966775894165 , 2.1533851623535156
0.46693646907806396 , 1.5058002471923828
0.4939269423484802 , 1.258195161819458
0.49038049578666687 , 2.668865442276001
0.7889813184738159 , 1.056098461151123
0.9618297815322876 , 1.480897068977356
0.8128448724746704 , 1.632652997970581
0.43775901198387146 , 0.8754850625991821
0.4648553729057312 , 1.195830225944519
0.8351773619651794 , 1.5409423112869263
0.6296713352203369 , 1.809862732887268
0.4058852195739746 , 1.4412117004394531
0.9994173049926758 , 1.6394296884536743
0.4283105731010437 , 0.8792470693588257
0.16721895337104797 , 2.006403684616089
0.48510628938674927 , 1.184173822402954
0.7106909155845642 , 1.0428415536880493
0.5104408264160156 , 1.0035468339920044
0.13242453336715698 , 1.8792173862457275
0.3790408670902252 , 1.1683660745620728
0.9957887530326843 , 1.7701092958450317
0.22135263681411743 , 1.819502353668213
1.299652099609375 , 0.9003598093986511
0.2610388994216919 , 1.878419280052185
0.5275281667709351 , 1.43656325340271
0.16588152945041656 , 1.5471501350402832
0.24081073701381683 , 1.7425196170806885
0.7241401076316833 , 1.8355189561843872
0.40302467346191406 , 1.5109872817993164
0.8680300712585449 , 1.8002595901489258
0.7299432158470154 , 1.3733766078948975
0.3243124485015869 , 0.9570393562316895
0.6972901821136475 , 1.8722928762435913
0.9980887174606323 , 0.9920864105224609
0.2911602854728699 , 0.5306048393249512
0.7289044857025146 , 0.8398306369781494
0.48775312304496765 , 0.8290817737579346
0.7391355037689209 , 1.4590275287628174
0.38154882192611694 , 1.5414164066314697
0.3942731022834778 , 1.5030388832092285
0.357072651386261 , 1.7641911506652832
0.08791621029376984 , 1.9254984855651855
0.5165838003158569 , 1.1881582736968994
0.3880614638328552 , 0.9838104248046875
0.6247207522392273 , 1.3938307762145996
0.16134272515773773 , 1.4429446458816528
0.7219891548156738 , 1.327581763267517
0.5259443521499634 , 1.568450927734375
0.5852134227752686 , 1.8397941589355469
0.5994824767112732 , 1.3612010478973389
0.24071621894836426 , 1.695702314376831
0.2591537833213806 , 1.523977518081665
0.44925546646118164 , 1.6426703929901123
0.24657148122787476 , 1.8182575702667236
0.4851493537425995 , 1.742539644241333
0.5754095315933228 , 0.8369594812393188
0.2821339964866638 , 1.2390981912612915
0.7310611009597778 , 1.2292988300323486
0.9027183055877686 , 1.0847632884979248
0.36268532276153564 , 2.316842555999756
1.3488059043884277 , 1.1527535915374756
0.3582236170768738 , 1.2000216245651245
0.5072739720344543 , 1.354466438293457
1.2610085010528564 , 1.163253664970398
0.2012167125940323 , 1.5677220821380615
0.17652857303619385 , 1.8569068908691406
0.18291109800338745 , 1.6083672046661377
0.771882951259613 , 2.3170628547668457
0.18714740872383118 , 1.191023588180542
0.8837172985076904 , 1.4300682544708252
0.11668363213539124 , 1.2045929431915283
0.9610857963562012 , 1.5852363109588623
0.28866755962371826 , 1.8002662658691406
0.5652961730957031 , 1.9428960084915161
0.9584452509880066 , 0.9910997152328491
0.7826949954032898 , 1.3340086936950684
0.16098998486995697 , 1.1703534126281738
0.20157214999198914 , 2.3058862686157227
0.6416211724281311 , 1.3126494884490967
0.6075553297996521 , 1.310105323791504
1.227752447128296 , 0.9114869832992554
0.4723038077354431 , 1.4847122430801392
0.44439584016799927 , 1.9529167413711548
0.4952675998210907 , 2.5575761795043945
0.33045774698257446 , 1.5340924263000488
0.6345318555831909 , 1.6463960409164429
0.4830416142940521 , 1.2066547870635986
0.5112389922142029 , 1.7542269229888916
0.4874778687953949 , 1.5453598499298096
0.7474925518035889 , 0.9449847936630249
0.6030092239379883 , 1.6970746517181396
0.3679525852203369 , 1.5505377054214478
0.48769742250442505 , 0.9383452534675598
0.5192087888717651 , 0.9345808625221252
1.0109951496124268 , 1.1410531997680664
0.9026651978492737 , 1.0178918838500977
0.8599201440811157 , 1.8023366928100586
0.5255970358848572 , 1.0277529954910278
0.3432856798171997 , 1.394944667816162
0.40004101395606995 , 1.595686912536621
0.36828744411468506 , 1.2712209224700928
0.6646631360054016 , 1.5110650062561035
0.6218562126159668 , 1.6882648468017578
0.765902042388916 , 1.9495302438735962
0.6669989228248596 , 1.4374163150787354
0.37353646755218506 , 1.6809425354003906
0.44678449630737305 , 2.0402324199676514
0.37180981040000916 , 1.9899876117706299
0.5055438876152039 , 1.5285942554473877
0.22701585292816162 , 1.4409842491149902
0.49280282855033875 , 1.1217710971832275
0.5874407291412354 , 1.4550790786743164
0.5619077086448669 , 1.595764398574829
0.8123323321342468 , 1.3602008819580078
0.36582067608833313 , 1.3650285005569458
0.756108820438385 , 1.407726764678955
0.2553313374519348 , 0.9956905245780945
0.46519631147384644 , 1.7616002559661865
0.6648454666137695 , 1.0305891036987305
0.799871563911438 , 1.6690013408660889
0.25087887048721313 , 1.5425890684127808
0.24185720086097717 , 0.6868473887443542
0.7125600576400757 , 1.1872950792312622
0.5529494285583496 , 1.7841600179672241
0.84987473487854 , 1.7791104316711426
0.6561187505722046 , 1.5685300827026367
0.23090720176696777 , 1.643983244895935
0.08724282681941986 , 2.344571590423584
1.0555827617645264 , 0.9389891028404236
0.29876089096069336 , 1.7648344039916992
0.5090075731277466 , 1.7329614162445068
0.38144809007644653 , 1.7345614433288574
0.5522094964981079 , 1.0250332355499268
1.0882084369659424 , 1.36289644241333
0.4676721692085266 , 1.1630816459655762
0.2989986836910248 , 1.5920459032058716
0.48952516913414 , 1.2716701030731201
0.5494278073310852 , 2.1936392784118652
0.9856099486351013 , 1.619504690170288
0.6760470271110535 , 1.681009292602539
0.5540004372596741 , 1.0942147970199585
1.1356478929519653 , 1.180985450744629
0.4592589735984802 , 1.7071006298065186
0.5221086144447327 , 1.7674341201782227
0.5793687701225281 , 1.3186664581298828
0.755378007888794 , 1.8070378303527832
0.22596395015716553 , 1.8578376770019531
0.5025009512901306 , 1.1245148181915283
0.531230092048645 , 2.2136411666870117
0.611137866973877 , 1.5123432874679565
0.8184784650802612 , 1.6306300163269043
0.3922988176345825 , 1.2693545818328857
0.8352384567260742 , 1.4503905773162842
0.6025935411453247 , 1.471826195716858
0.6457785964012146 , 1.92781662940979
0.20444487035274506 , 0.7778218388557434
0.609246015548706 , 1.147024154663086
0.21966496109962463 , 2.511993646621704
0.4189661741256714 , 1.4688003063201904
1.0253806114196777 , 0.9915550351142883
0.6126317977905273 , 1.4386197328567505
0.19136083126068115 , 1.658846139907837
0.3637320101261139 , 1.3688818216323853
1.0945490598678589 , 1.5072877407073975
0.5083876252174377 , 1.6768351793289185
0.6919547319412231 , 1.4437227249145508
0.4799538850784302 , 1.5417444705963135
0.452983558177948 , 1.2296669483184814
0.27671748399734497 , 1.6363277435302734
0.40200892090797424 , 1.5826607942581177
0.8771153688430786 , 1.7397745847702026
0.6164277791976929 , 1.0661346912384033
0.8148821592330933 , 0.6795811653137207
0.12126962095499039 , 1.996189832687378
0.6449443101882935 , 1.4860713481903076
0.6337689161300659 , 1.2923356294631958
0.3804751932621002 , 1.959561824798584
0.29074573516845703 , 2.0516157150268555
0.39453697204589844 , 1.6343605518341064
0.49504202604293823 , 1.1333143711090088
0.7046822309494019 , 2.1432418823242188
0.20211052894592285 , 1.641201138496399
0.3800317049026489 , 1.148707628250122
0.7552672624588013 , 1.473719835281372
0.2815583348274231 , 1.8900437355041504
0.5152353048324585 , 1.884101152420044
0.6311445832252502 , 1.9042164087295532
0.561285138130188 , 1.404634952545166
0.6783386468887329 , 1.127929925918579
0.7221043705940247 , 1.9268405437469482
0.7646056413650513 , 1.4441065788269043
0.9555160999298096 , 2.1996772289276123
0.7117415070533752 , 1.6444453001022339
0.17876575887203217 , 2.121028184890747
0.5032222270965576 , 2.3925046920776367
0.552739143371582 , 1.8049125671386719
0.2952556312084198 , 1.7423608303070068
0.21687796711921692 , 1.8922011852264404
0.8141735196113586 , 1.7149662971496582
0.41219741106033325 , 0.6229533553123474
0.6972692012786865 , 2.2100841999053955
0.4879649877548218 , 1.4635618925094604
0.37835580110549927 , 2.06803297996521
0.5280845165252686 , 2.2601702213287354
0.8818464279174805 , 1.4083690643310547
0.785789430141449 , 1.9088366031646729
0.8785284757614136 , 1.8830170631408691
0.6530650854110718 , 1.430389642715454
0.14944250881671906 , 1.8256664276123047
0.499206006526947 , 2.5402846336364746
0.7755149602890015 , 1.3545951843261719
0.6236073970794678 , 2.231602191925049
0.36260032653808594 , 2.2531027793884277
1.0334482192993164 , 1.3768457174301147
0.6922029256820679 , 1.9044671058654785
0.26394909620285034 , 2.1581993103027344
0.41971898078918457 , 2.1162145137786865
0.530789315700531 , 1.4688618183135986
0.7897690534591675 , 1.8974906206130981
0.3753055930137634 , 1.8038126230239868
1.238823413848877 , 1.8245245218276978
0.2981227934360504 , 1.187088131904602
0.26454412937164307 , 1.519840121269226
0.0604163259267807 , 1.5819244384765625
0.15218894183635712 , 1.892073154449463
0.634387731552124 , 2.2568533420562744
0.12473028898239136 , 1.301966667175293
0.40343528985977173 , 1.0666111707687378
0.5457565784454346 , 1.8436315059661865
1.067281723022461 , 1.5742279291152954
0.6352477073669434 , 1.854330062866211
0.21118181943893433 , 2.208907127380371
0.5268809795379639 , 1.6258739233016968
0.48574569821357727 , 1.9434376955032349
0.7470764517784119 , 1.479507565498352
0.56027752161026 , 1.5194857120513916
0.7167724370956421 , 1.9360283613204956
0.675803542137146 , 1.7933650016784668
0.6134780049324036 , 1.8079383373260498
0.4237726926803589 , 1.0205235481262207
0.6837058663368225 , 1.3677821159362793
0.164970263838768 , 1.0668361186981201
0.381574809551239 , 1.2642947435379028
0.4604194462299347 , 1.3566546440124512
1.079771876335144 , 1.802865982055664
0.5954632759094238 , 1.1758172512054443
0.6070826649665833 , 1.8894994258880615
1.308039903640747 , 1.6541067361831665
0.20189529657363892 , 0.9850377440452576
0.16658824682235718 , 1.3175301551818848
0.8498467206954956 , 1.7623499631881714
0.4539048671722412 , 2.3590381145477295
0.7979822754859924 , 1.8727428913116455
0.3949480354785919 , 1.823379635810852
0.8931440114974976 , 2.6949350833892822
0.6430261135101318 , 2.6344399452209473
0.8434746861457825 , 2.7405784130096436
0.27783069014549255 , 1.9420349597930908
0.8638708591461182 , 2.2010293006896973
0.9535432457923889 , 2.7072057723999023
0.7089325189590454 , 2.3852193355560303
0.3667556047439575 , 2.1549336910247803
0.5233060717582703 , 2.0173051357269287
0.6812247037887573 , 2.5625486373901367
0.3702645003795624 , 1.67586350440979
0.4500376284122467 , 2.0888776779174805
0.21818217635154724 , 2.9864439964294434
1.2737362384796143 , 2.140617847442627
0.5404678583145142 , 1.9668142795562744
0.6582096219062805 , 1.673258900642395
0.24435913562774658 , 1.206541895866394
0.6390711069107056 , 1.566587209701538
0.47564637660980225 , 2.2525670528411865
0.5727943181991577 , 1.2056653499603271
1.3527852296829224 , 1.5595736503601074
0.20895469188690186 , 2.3702585697174072
0.24260933697223663 , 1.9625704288482666
0.6927132606506348 , 2.33829927444458
0.18296828866004944 , 1.7535662651062012
0.49698615074157715 , 1.747218370437622
0.7727593183517456 , 2.3142290115356445
0.32891207933425903 , 2.286532402038574
0.39640748500823975 , 2.041299343109131
1.7184710502624512 , 1.6023584604263306
0.34601613879203796 , 1.9102718830108643
0.6302440166473389 , 2.487032413482666
0.4470115900039673 , 2.9402034282684326
0.7357862591743469 , 1.3088836669921875
0.4423854351043701 , 2.0324466228485107
1.2300792932510376 , 1.7891108989715576
0.4776540696620941 , 1.9566775560379028
0.1466962844133377 , 1.9700725078582764
0.36098021268844604 , 2.223440408706665
0.29671669006347656 , 2.0734729766845703
0.4285556674003601 , 2.497836112976074
0.37018150091171265 , 2.5915896892547607
0.5880721807479858 , 2.4074273109436035
0.5814913511276245 , 2.4336342811584473
0.5150667428970337 , 2.5113015174865723
0.8700170516967773 , 2.090108633041382
0.30743682384490967 , 2.0123696327209473
0.367799311876297 , 1.9076097011566162
0.1885189563035965 , 1.6779277324676514
0.17076045274734497 , 2.0368974208831787
0.08312635123729706 , 1.8910353183746338
0.5717005133628845 , 2.1652464866638184
0.9163411855697632 , 1.756464958190918
0.88194340467453 , 2.033681869506836
0.5577691793441772 , 1.9360431432724
0.7005515694618225 , 0.8697507381439209
0.2885816693305969 , 1.393907904624939
0.42846155166625977 , 1.425323486328125
0.4621976912021637 , 1.7314794063568115
0.5703915357589722 , 1.4516741037368774
1.0745365619659424 , 1.9355707168579102
0.9279890656471252 , 2.3094921112060547
0.6742427349090576 , 1.8997751474380493
0.05653315782546997 , 1.8310043811798096
0.3791484534740448 , 2.1618213653564453
0.6510032415390015 , 1.4872918128967285
0.12950533628463745 , 1.602013111114502
0.6986806988716125 , 1.900689959526062
0.8597635626792908 , 2.408182144165039
0.11382944881916046 , 1.6654188632965088
1.0483956336975098 , 1.5061904191970825
0.88330078125 , 1.2766518592834473
0.4257558584213257 , 2.6288654804229736
0.5735161304473877 , 2.0514845848083496
0.32443663477897644 , 2.438443183898926
0.2779800295829773 , 2.2530617713928223
0.9060724973678589 , 2.1387815475463867
0.5090240240097046 , 2.992676258087158
0.08139556646347046 , 2.805464744567871
0.42706578969955444 , 2.0255565643310547
0.18498000502586365 , 2.9672136306762695
0.7766441106796265 , 1.2326581478118896
0.35110804438591003 , 2.333285331726074
0.23623520135879517 , 1.5387699604034424
0.9492669701576233 , 2.3156189918518066
0.6827559471130371 , 1.8568580150604248
0.5816639065742493 , 1.4349777698516846
0.7126222848892212 , 2.0307655334472656
0.18997783958911896 , 1.876947283744812
0.9539459943771362 , 1.5846649408340454
0.14275097846984863 , 2.021514415740967
0.9269939661026001 , 1.6023657321929932
0.39760103821754456 , 2.0906529426574707
1.0318603515625 , 1.4571385383605957
0.9448506236076355 , 1.9080030918121338
0.4089573621749878 , 2.107572078704834
0.24932001531124115 , 1.6092095375061035
0.5722950100898743 , 1.9595768451690674
0.40844979882240295 , 1.6146061420440674
0.6801103353500366 , 0.764436662197113
0.42146873474121094 , 1.3457162380218506
0.5782049894332886 , 2.4125070571899414
0.545009970664978 , 0.897552490234375
0.233960822224617 , 2.130645275115967
1.1313233375549316 , 1.639232873916626
0.29660913348197937 , 1.9170597791671753
0.6554990410804749 , 2.1714582443237305
0.5143862962722778 , 1.624021291732788
1.1775836944580078 , 1.5449796915054321
0.29724982380867004 , 1.6339725255966187
0.8285295963287354 , 1.5970582962036133
0.9154067039489746 , 2.3203439712524414
0.4956037402153015 , 1.1774084568023682
0.8083091378211975 , 1.2130122184753418
0.7716900110244751 , 1.2620885372161865
0.5528286695480347 , 1.8153449296951294
0.880355179309845 , 1.9128804206848145
0.8924879431724548 , 1.811189889907837
0.5488296151161194 , 1.745186686515808
0.27332717180252075 , 1.3917262554168701
0.4713379740715027 , 1.6413013935089111
1.1316819190979004 , 1.3692902326583862
0.33636996150016785 , 1.4548335075378418
0.33855849504470825 , 1.300978422164917
1.0659127235412598 , 1.6901886463165283
0.15778014063835144 , 1.7017686367034912
0.7902597188949585 , 2.033951997756958
0.4696178436279297 , 2.304446220397949
0.19950565695762634 , 2.3259754180908203
0.4722839891910553 , 1.4677790403366089
0.7616186141967773 , 1.8738038539886475
0.3461098074913025 , 2.469122886657715
0.5658013224601746 , 1.5633230209350586
0.17678892612457275 , 1.5460764169692993
0.6108394265174866 , 1.9964611530303955
0.44616270065307617 , 2.2222721576690674
0.4471653997898102 , 1.287144422531128
0.7487146854400635 , 2.115799903869629
0.17271637916564941 , 2.2048959732055664
0.5508649349212646 , 2.2062559127807617
0.05430992692708969 , 2.43686580657959
0.10016155242919922 , 2.1488895416259766
0.5153419971466064 , 2.8763022422790527
0.3930698037147522 , 2.5060112476348877
0.27647942304611206 , 2.2173945903778076
0.7848736047744751 , 1.5071613788604736
0.04116664081811905 , 1.6027203798294067
0.5616575479507446 , 1.6644165515899658
0.39120325446128845 , 1.847849726676941
0.5175366401672363 , 2.4977517127990723
0.6632106900215149 , 2.164973735809326
0.775410532951355 , 2.6087512969970703
0.2910833954811096 , 2.2427287101745605
0.4601826071739197 , 2.310396194458008
0.8335736393928528 , 2.271568775177002
0.6075181365013123 , 1.0656524896621704
0.7131252288818359 , 2.232375144958496
0.12959249317646027 , 1.765824317932129
0.11972291767597198 , 2.543090581893921
1.0805671215057373 , 1.3024585247039795
0.17368075251579285 , 1.7913691997528076
0.5934399366378784 , 1.871068000793457
0.20981083810329437 , 2.0766799449920654
0.6115779876708984 , 2.578603982925415
0.18750613927841187 , 2.4351272583007812
0.5024638175964355 , 2.5326108932495117
0.4730161726474762 , 1.6900464296340942
0.7723369598388672 , 2.0777082443237305
0.5851288437843323 , 1.9529383182525635
0.5167034268379211 , 2.523146152496338
0.8170431852340698 , 2.2809457778930664
0.6516574621200562 , 1.943650245666504
0.3190467953681946 , 1.6182029247283936
0.33479946851730347 , 1.862029790878296
0.433063805103302 , 2.3571059703826904
0.23309607803821564 , 1.2690082788467407
0.4148411750793457 , 1.8096749782562256
0.3547195792198181 , 2.009237289428711
0.6897163391113281 , 1.758754014968872
0.7359570264816284 , 1.5176831483840942
0.6850491762161255 , 2.221721649169922
1.1423358917236328 , 2.5679268836975098
0.5755229592323303 , 2.128667116165161
0.05814554542303085 , 2.0721821784973145
0.8661093711853027 , 1.5475249290466309
0.3261678218841553 , 2.5833492279052734
0.8757057189941406 , 3.0288803577423096
1.0024417638778687 , 1.7761601209640503
0.5584728717803955 , 2.3714475631713867
0.8480085134506226 , 2.0517821311950684
0.9306992292404175 , 1.2083262205123901
0.27834200859069824 , 1.9901416301727295
0.39473217725753784 , 2.306516170501709
0.13998368382453918 , 1.887054681777954
1.488999366760254 , 1.7600719928741455
0.2823278307914734 , 1.8357237577438354
0.39572256803512573 , 1.4954631328582764
0.41169166564941406 , 2.137861728668213
0.7102038860321045 , 1.8878647089004517
0.6383615732192993 , 1.6187744140625
0.6574588418006897 , 2.4773571491241455
0.467714786529541 , 1.5847525596618652
0.8958340883255005 , 2.261558771133423
0.2732973098754883 , 2.9971156120300293
0.6865552067756653 , 1.4381778240203857
0.35493263602256775 , 2.2421019077301025
0.8258047103881836 , 2.22837495803833
0.6926207542419434 , 1.5406749248504639
0.6249474287033081 , 1.6548900604248047
0.36675405502319336 , 1.7524480819702148
0.25892460346221924 , 1.8022335767745972
0.7244508862495422 , 2.0192227363586426
0.33362388610839844 , 2.373507022857666
0.26469141244888306 , 2.1608924865722656
0.5381109118461609 , 2.34670090675354
0.22912053763866425 , 2.168454647064209
0.402023047208786 , 2.040060043334961
0.3139088451862335 , 2.1594104766845703
0.434151828289032 , 3.026711940765381
1.0428812503814697 , 2.0485286712646484
0.7671842575073242 , 1.667123556137085
0.47946274280548096 , 1.0190837383270264
0.6931988000869751 , 2.3537745475769043
0.5293070077896118 , 2.576704978942871
1.0271165370941162 , 2.032773494720459
0.8506327867507935 , 1.2495341300964355
0.7050457000732422 , 2.173403739929199
0.36474138498306274 , 2.4160611629486084
0.354138046503067 , 2.072803497314453
0.6281089782714844 , 2.5710294246673584
0.5857939720153809 , 1.2011867761611938
1.0225471258163452 , 2.0015270709991455
0.4199354648590088 , 0.889656662940979
0.5059524774551392 , 1.4602136611938477
1.1219086647033691 , 1.6456027030944824
0.40668004751205444 , 1.7974796295166016
0.8175585269927979 , 2.788302421569824
0.7100261449813843 , 1.9034008979797363
0.7843036651611328 , 1.5967974662780762
0.8184643983840942 , 1.8378080129623413
0.6700702905654907 , 2.23001766204834
0.37673744559288025 , 2.5356903076171875
0.51637864112854 , 1.7067241668701172
0.1011471152305603 , 1.0092720985412598
0.7232042551040649 , 2.586759567260742
1.8054155111312866 , 1.2165175676345825
0.5445520877838135 , 2.0327248573303223
0.6696783900260925 , 2.383535623550415
0.2658863365650177 , 2.094301700592041
1.0503441095352173 , 2.1193764209747314
0.8060086965560913 , 2.3603568077087402
0.24651604890823364 , 1.5791033506393433
0.7409815192222595 , 2.7628674507141113
0.05009300634264946 , 2.5555014610290527
0.06455156207084656 , 2.9775197505950928
0.2701822519302368 , 2.396652936935425
0.6252082586288452 , 2.540766716003418
0.7893098592758179 , 2.657881736755371
1.1480062007904053 , 2.266511917114258
0.4107716679573059 , 2.3064005374908447
0.19317275285720825 , 1.6041010618209839
0.9397217631340027 , 1.542502999305725
0.4513024091720581 , 2.571875810623169
0.652820348739624 , 2.5063180923461914
1.0898083448410034 , 1.9326391220092773
0.5712125301361084 , 2.5523414611816406
0.26564645767211914 , 2.7663440704345703
1.0058577060699463 , 1.9823923110961914
0.5387215614318848 , 2.406611204147339
0.38931578397750854 , 2.1675174236297607
0.2952688932418823 , 1.6223270893096924
0.9463294148445129 , 2.932434558868408
0.5752766132354736 , 2.2790210247039795
1.195124626159668 , 1.4954860210418701
1.11934232711792 , 2.281736135482788
0.5655225515365601 , 2.295947551727295
0.39767903089523315 , 2.550795078277588
0.6177407503128052 , 2.2447245121002197
0.5339600443840027 , 2.2044265270233154
0.5033646821975708 , 1.9302133321762085
0.41240525245666504 , 2.241097927093506
0.5582743287086487 , 1.7090985774993896
0.5112987756729126 , 2.51326322555542
0.27441462874412537 , 1.8910404443740845
1.0320439338684082 , 1.7029991149902344
0.331076979637146 , 2.6798882484436035
0.11824200302362442 , 2.995237350463867
0.434603214263916 , 2.2938408851623535
0.36871421337127686 , 3.457324504852295
0.25418731570243835 , 2.101665496826172
0.6065341234207153 , 2.558737277984619
0.33191826939582825 , 2.129075050354004
1.3788810968399048 , 2.4519264698028564
0.661969780921936 , 3.059390068054199
0.29896026849746704 , 1.7312339544296265
0.6537071466445923 , 2.328226089477539
0.3276010751724243 , 2.684994697570801
0.45265400409698486 , 2.236628293991089
0.4367808699607849 , 2.408597946166992
0.836673378944397 , 3.5580267906188965
0.3379727602005005 , 2.5461297035217285
0.3186104893684387 , 2.3860154151916504
0.09597744047641754 , 1.749511480331421
0.3459915220737457 , 1.669518232345581
0.5810357332229614 , 1.4198516607284546
0.27706676721572876 , 1.596745491027832
0.0941639393568039 , 2.375593900680542
0.5364983081817627 , 2.6524434089660645
0.3353830873966217 , 2.2628607749938965
0.6523744463920593 , 2.3578009605407715
0.12192907929420471 , 2.9009597301483154
0.3406522870063782 , 2.6336216926574707
0.5310899615287781 , 2.243515968322754
1.0873029232025146 , 2.067720890045166
0.33967211842536926 , 2.564763069152832
1.1908185482025146 , 3.040775775909424
0.48715439438819885 , 3.0873239040374756
0.22941459715366364 , 2.4648125171661377
0.574834942817688 , 2.782787322998047
0.7836079597473145 , 2.0945658683776855
0.3342520296573639 , 2.822204828262329
0.5215177536010742 , 2.9160261154174805
0.611215353012085 , 1.6087965965270996
0.4756569564342499 , 2.1923840045928955
0.4305381774902344 , 2.4023501873016357
0.6262602806091309 , 2.1550393104553223
1.0761854648590088 , 2.650193214416504
0.2491871416568756 , 2.6767044067382812
0.3010609745979309 , 3.043102264404297
0.7893801927566528 , 3.380373001098633
1.0637989044189453 , 1.6163231134414673
0.6121969819068909 , 2.6253581047058105
0.8295543789863586 , 2.115868330001831
0.6650631427764893 , 2.227525234222412
0.641738772392273 , 2.9998950958251953
0.19818980991840363 , 2.413813829421997
1.1127363443374634 , 2.613840103149414
0.4352397322654724 , 3.125002384185791
0.2200360745191574 , 2.9294753074645996
0.5832972526550293 , 3.361400604248047
0.4952765703201294 , 2.9170868396759033
0.4985673725605011 , 3.016512393951416
0.20694713294506073 , 2.9779326915740967
0.2606769800186157 , 2.458185911178589
0.5172555446624756 , 2.900369644165039
0.7468311190605164 , 2.129855155944824
0.5132384300231934 , 1.405560851097107
0.40829166769981384 , 2.5168771743774414
0.36285653710365295 , 1.925732970237732
0.8486448526382446 , 2.4186084270477295
0.1762942224740982 , 2.5179190635681152
0.3393280506134033 , 2.0925521850585938
0.19438037276268005 , 2.22084379196167
0.717153787612915 , 2.472489356994629
0.26075348258018494 , 2.8832597732543945
0.9376767873764038 , 2.240905523300171
0.5274792313575745 , 1.9370391368865967
0.25005903840065 , 3.1350111961364746
1.5306733846664429 , 3.239293098449707
1.070131540298462 , 2.6923141479492188
0.3985818028450012 , 3.999687433242798
0.1402607262134552 , 2.7409090995788574
0.43319860100746155 , 2.442370891571045
0.27954989671707153 , 4.276288986206055
0.5077979564666748 , 4.382641315460205
0.10485498607158661 , 2.4715850353240967
0.38014474511146545 , 2.972398042678833
0.7271319031715393 , 2.5917065143585205
0.651595950126648 , 2.74898362159729
0.36493897438049316 , 3.174354076385498
0.6702011823654175 , 2.2219555377960205
0.28535374999046326 , 2.1223244667053223
0.5226219296455383 , 1.4952566623687744
0.30888110399246216 , 2.0620884895324707
0.7679954767227173 , 2.6135668754577637
0.3970071077346802 , 2.437004804611206
0.3673766255378723 , 2.143989086151123
0.44631409645080566 , 2.266753673553467
1.0241042375564575 , 1.905274510383606
1.0635619163513184 , 2.372763156890869
0.3741689920425415 , 3.7018063068389893
0.10784912109375 , 2.772414207458496
0.4082842469215393 , 2.995645046234131
0.3837105333805084 , 3.2374067306518555
0.6545313596725464 , 1.4930388927459717
0.6749942302703857 , 2.59724760055542
0.6751937866210938 , 3.673264503479004
0.23708882927894592 , 2.367795467376709
0.7305731773376465 , 3.5871505737304688
0.296519011259079 , 3.772111415863037
0.7163093090057373 , 2.2716727256774902
0.7849974632263184 , 2.597787857055664
0.8945519328117371 , 2.8062691688537598
0.4313966631889343 , 2.1806976795196533
1.057241678237915 , 1.415067434310913
0.821998655796051 , 1.18514883518219
0.3317495286464691 , 2.754639148712158
0.5166329145431519 , 1.9083962440490723
1.5143589973449707 , 2.754706382751465
0.3618904948234558 , 3.480294704437256
0.770850419998169 , 2.6161704063415527
0.3796529769897461 , 2.8680717945098877
0.2512744963169098 , 2.5508971214294434
0.2828160524368286 , 2.191786527633667
0.07590310275554657 , 2.2719039916992188
1.8492112159729004 , 3.3184218406677246
0.2009907215833664 , 3.2165207862854004
0.9784924387931824 , 2.8338046073913574
0.43340206146240234 , 2.4598915576934814
0.7466441988945007 , 2.071627616882324
0.6682008504867554 , 1.8999416828155518
1.2731621265411377 , 1.7959439754486084
0.5533894300460815 , 2.282956838607788
0.35958045721054077 , 2.7809665203094482
0.6709281206130981 , 2.5060832500457764
0.2719708979129791 , 2.343515634536743
1.1987640857696533 , 2.0859646797180176
0.531195342540741 , 3.361104965209961
0.7414049506187439 , 3.987852096557617
0.10532438009977341 , 2.9054489135742188
0.4532378613948822 , 2.8096461296081543
0.4813116788864136 , 3.3735780715942383
0.5597473382949829 , 2.6061482429504395
0.10990769416093826 , 3.8795740604400635
1.052213191986084 , 1.9762322902679443
0.9663285613059998 , 3.173710823059082
0.6660136580467224 , 4.197710037231445
0.12369298934936523 , 2.258185863494873
0.9493255615234375 , 3.4062788486480713
0.2740328013896942 , 2.5381598472595215
0.20259211957454681 , 2.6136422157287598
0.6633920669555664 , 3.3488357067108154
0.614901065826416 , 3.660947322845459
0.8813825249671936 , 3.2815887928009033
0.3392718434333801 , 3.485659599304199
0.9426310062408447 , 2.889230489730835
0.431352436542511 , 2.8494396209716797
1.5539379119873047 , 1.9719613790512085
0.3947727084159851 , 1.6936123371124268
0.2968466877937317 , 3.5889878273010254
0.2940303683280945 , 2.0875396728515625
0.21869058907032013 , 1.957659125328064
0.5639904141426086 , 2.573434829711914
0.5226719975471497 , 3.304408073425293
0.525327742099762 , 2.3543777465820312
0.665212869644165 , 2.1431198120117188
0.49614039063453674 , 3.2427148818969727
0.5363994836807251 , 2.0971717834472656
0.6176000833511353 , 2.9805707931518555
0.5609595775604248 , 3.5730843544006348
0.6267623901367188 , 2.4931325912475586
0.8100483417510986 , 2.1838111877441406
0.4850040078163147 , 3.014024257659912
0.587523877620697 , 3.031503200531006
0.07398678362369537 , 1.671602725982666
0.4656585454940796 , 2.8205418586730957
0.26223137974739075 , 2.9777989387512207
0.5339632034301758 , 3.1123416423797607
0.22282347083091736 , 2.3091835975646973
0.6518278121948242 , 3.0894076824188232
0.9663279056549072 , 2.347665309906006
0.23298318684101105 , 2.8849501609802246
0.48520371317863464 , 2.0124094486236572
0.2298388034105301 , 2.8819198608398438
0.4884064793586731 , 2.973186731338501
0.8457314968109131 , 3.648458957672119
0.3566662073135376 , 3.726011037826538
0.2026483118534088 , 3.267873764038086
0.2300088107585907 , 3.261784315109253
0.3607136011123657 , 2.9026222229003906
0.15897943079471588 , 3.203049659729004
0.31100207567214966 , 3.141615629196167
1.2005865573883057 , 2.450472354888916
0.32908862829208374 , 3.084099292755127
0.47068074345588684 , 2.7136664390563965
0.4932037889957428 , 3.11812162399292
0.9561610221862793 , 3.20833683013916
0.3508280813694 , 4.424382209777832
0.6737484931945801 , 3.600672721862793
0.38331353664398193 , 3.035245895385742
0.13108932971954346 , 3.045360565185547
0.6314049959182739 , 2.502640962600708
0.9811295866966248 , 1.3011531829833984
0.25909245014190674 , 2.7882657051086426
1.158007025718689 , 4.0468950271606445
0.41827380657196045 , 3.2660257816314697
0.5120077133178711 , 1.87982177734375
0.11034800112247467 , 2.9417362213134766
0.7152162790298462 , 3.05769419670105
0.31480950117111206 , 2.6500518321990967
0.58111172914505 , 3.1363954544067383
0.9164140224456787 , 3.1744136810302734
0.3319607973098755 , 4.044155597686768
0.5571298599243164 , 3.7385921478271484
0.8677518963813782 , 2.084555149078369
0.8029115200042725 , 2.966568946838379
0.8542524576187134 , 2.9058823585510254
0.9945420026779175 , 2.7587625980377197
0.03560132533311844 , 3.553419828414917
0.45502209663391113 , 2.7311830520629883
0.5326443910598755 , 1.750856637954712
1.2044799327850342 , 2.943202495574951
0.5593893527984619 , 3.5207738876342773
0.33544498682022095 , 3.1892733573913574
0.5771359205245972 , 2.3880562782287598
0.08904307335615158 , 3.7442684173583984
0.13694292306900024 , 2.59040904045105
0.27380502223968506 , 3.7313120365142822
0.3299161493778229 , 2.7663588523864746
0.9979074001312256 , 2.9790334701538086
0.6939457654953003 , 2.065704822540283
1.0303964614868164 , 1.686492919921875
0.669761598110199 , 2.421297073364258
0.19872578978538513 , 3.276122570037842
0.2493690401315689 , 3.6644530296325684
0.21818400919437408 , 2.9729504585266113
0.25480884313583374 , 3.0710394382476807
0.5060058236122131 , 2.6420469284057617
0.5762839913368225 , 2.540287494659424
0.536572277545929 , 4.7748823165893555
0.8551227450370789 , 3.3006415367126465
0.3598838746547699 , 3.063838243484497
0.7511124610900879 , 4.261179447174072
0.07959786057472229 , 2.6977126598358154
0.28188857436180115 , 3.308774471282959
0.05887136608362198 , 3.3320324420928955
0.5777119994163513 , 3.649538516998291
0.9124464988708496 , 3.192843437194824
0.5738663673400879 , 4.010394096374512
0.681251049041748 , 4.041438102722168
1.0989831686019897 , 3.115471363067627
0.3179314136505127 , 3.186018466949463
0.21645042300224304 , 4.4674882888793945
0.7337176203727722 , 2.760417938232422
0.7463840246200562 , 2.790435791015625
0.16919037699699402 , 3.3308181762695312
0.17860817909240723 , 3.521393299102783
0.8836853504180908 , 2.950165033340454
0.9342976808547974 , 3.897373676300049
0.09589474648237228 , 2.2582287788391113
0.8115825653076172 , 3.6042466163635254
0.7456190586090088 , 3.2185821533203125
1.0126781463623047 , 2.7398080825805664
0.4575687646865845 , 3.1767942905426025
0.08985181897878647 , 3.7621426582336426
0.7884283661842346 , 2.331061840057373
0.36933356523513794 , 3.0244812965393066
0.4405607581138611 , 2.2507967948913574
1.0725339651107788 , 2.260855197906494
0.2864670753479004 , 2.477543830871582
0.9148135185241699 , 3.053612232208252
0.7897411584854126 , 3.524137020111084
0.5303566455841064 , 2.631605625152588
0.03933718055486679 , 1.8243162631988525
0.699470579624176 , 2.6307196617126465
0.9845063090324402 , 3.239734172821045
0.1431669145822525 , 3.4509294033050537
0.4824984073638916 , 4.085178852081299
0.3215351700782776 , 3.5738515853881836
0.3668922781944275 , 3.4930737018585205
0.13785260915756226 , 3.152045726776123
0.24406369030475616 , 3.838299036026001
0.9229254126548767 , 3.6276116371154785
0.2586790919303894 , 3.7218143939971924
0.5568610429763794 , 3.0586118698120117
0.2998230457305908 , 2.9982845783233643
0.06032169237732887 , 2.9909424781799316
0.26406052708625793 , 4.279841423034668
1.3551777601242065 , 3.561129331588745
0.4499214291572571 , 3.2462854385375977
0.19762146472930908 , 3.8335609436035156
0.3053411543369293 , 4.084564208984375
0.1831761598587036 , 3.878138303756714
0.6707640886306763 , 3.9762351512908936
0.6387807130813599 , 3.081145763397217
0.27122074365615845 , 2.6522889137268066
0.9546575546264648 , 3.302912950515747
0.15668994188308716 , 3.0419692993164062
0.11880385875701904 , 4.5507731437683105
0.3254539370536804 , 2.6580324172973633
0.24923892319202423 , 3.5356247425079346
0.5003938674926758 , 4.099613666534424
0.774390697479248 , 3.870206832885742
0.031492359936237335 , 2.9663681983947754
1.2927217483520508 , 3.0765109062194824
0.08619341254234314 , 3.6044681072235107
0.27931541204452515 , 3.9580070972442627
0.7882465720176697 , 4.360269546508789
0.9690749645233154 , 3.5598607063293457
0.6890460252761841 , 3.204726219177246
0.12490524351596832 , 3.9164013862609863
0.8286269307136536 , 2.972505807876587
0.40390127897262573 , 4.9606218338012695
0.33495035767555237 , 3.354421615600586
0.2886146306991577 , 2.8730087280273438
0.38856053352355957 , 3.144242286682129
0.7288493514060974 , 3.9188413619995117
0.23568496108055115 , 4.159276485443115
0.4379963278770447 , 3.2555580139160156
0.3153284192085266 , 4.482359886169434
0.44258591532707214 , 3.4234137535095215
0.27856987714767456 , 3.1618149280548096
0.680059552192688 , 3.246279716491699
1.144444227218628 , 3.1053574085235596
0.6479066610336304 , 3.9861931800842285
0.2694512605667114 , 2.948395252227783
1.2976603507995605 , 3.129441738128662
0.5031136274337769 , 2.8374621868133545
1.2977511882781982 , 2.6351466178894043
0.2962626814842224 , 2.2156777381896973
1.0894051790237427 , 1.7507785558700562
0.4523894488811493 , 1.7757537364959717
0.27133357524871826 , 2.380267381668091
0.4236196279525757 , 2.6858716011047363
0.4399903416633606 , 1.2547410726547241
0.44282376766204834 , 2.6122288703918457
0.2709769606590271 , 3.1345646381378174
0.33134716749191284 , 2.951205253601074
0.12239162623882294 , 2.9247524738311768
0.8111521005630493 , 1.2406340837478638
0.27447909116744995 , 3.420323133468628
0.6214213371276855 , 2.8875017166137695
0.614543080329895 , 4.050260543823242
0.25710928440093994 , 2.7435495853424072
0.8191657066345215 , 2.9408538341522217
0.5457010865211487 , 3.3095250129699707
0.9778635501861572 , 3.668929100036621
0.7743371725082397 , 4.1449456214904785
0.10131917893886566 , 3.9468836784362793
0.7518302202224731 , 3.7724266052246094
0.500511884689331 , 2.931864023208618
0.4269474148750305 , 3.5439982414245605
0.6555690169334412 , 3.275491952896118
0.43117445707321167 , 3.458972454071045
0.8060638904571533 , 3.6109390258789062
0.5059105753898621 , 3.424912452697754
0.511797308921814 , 3.962104558944702
0.8338138461112976 , 3.300199031829834
0.8554155826568604 , 3.013485908508301
0.6254321932792664 , 3.221978187561035
0.6156463027000427 , 5.288995265960693
0.5337074398994446 , 2.934784412384033
0.649781346321106 , 2.8548641204833984
0.4568582773208618 , 4.152121543884277
0.6097716093063354 , 2.777925491333008
1.3635292053222656 , 3.2623751163482666
0.15050871670246124 , 2.2366018295288086
0.5060091614723206 , 2.7255423069000244
0.3794980049133301 , 3.6942341327667236
0.3378620743751526 , 1.9619090557098389
0.17896988987922668 , 2.1984710693359375
1.2178741693496704 , 2.3892593383789062
0.4414501488208771 , 2.6694860458374023
0.2098083794116974 , 3.5873167514801025
0.6440504789352417 , 3.7453198432922363
0.5242049694061279 , 4.019321918487549
0.5844855308532715 , 2.871508836746216
0.727026641368866 , 2.567004442214966
0.18849772214889526 , 2.8228657245635986
0.058435071259737015 , 3.7005114555358887
0.6101012229919434 , 4.56418514251709
0.14592456817626953 , 2.985172748565674
0.6136791706085205 , 3.501610040664673
0.27013295888900757 , 3.275911569595337
0.8487402200698853 , 3.7399702072143555
0.6131365299224854 , 2.6988682746887207
1.2861201763153076 , 3.882345199584961
0.4249331057071686 , 2.963608503341675
1.393850326538086 , 3.387824535369873
0.20340006053447723 , 4.342171669006348
0.05634089186787605 , 2.9902923107147217
0.28486695885658264 , 3.3361127376556396
0.030474264174699783 , 4.184077739715576
0.1881125271320343 , 4.679550647735596
0.2361288070678711 , 3.9480140209198
0.8452205657958984 , 4.505350112915039
0.81014484167099 , 4.400566101074219
0.2153821438550949 , 2.74951171875
0.9161242246627808 , 2.7250847816467285
1.1801493167877197 , 3.322390079498291
0.7815824747085571 , 2.6691930294036865
1.2926139831542969 , 3.4969916343688965
0.5037903785705566 , 2.6991705894470215
0.677025318145752 , 3.4058899879455566
0.548284649848938 , 4.293021202087402
0.43824416399002075 , 2.4225454330444336
1.2284131050109863 , 3.634690999984741
0.4878702759742737 , 2.8026750087738037
0.49351122975349426 , 2.992189407348633
0.047275111079216 , 3.1038098335266113
0.6610333919525146 , 3.145636796951294
0.4001947045326233 , 3.5442044734954834
0.3866053819656372 , 2.6171035766601562
0.37282708287239075 , 3.6611855030059814
1.1771368980407715 , 3.891604423522949
0.786536693572998 , 2.8287572860717773
0.23849639296531677 , 6.8638434410095215
0.01670294627547264 , 2.3392205238342285
0.6032171249389648 , 3.4630541801452637
0.519565224647522 , 4.241929054260254
